0.000232629
0.000237031
0.00024151
0.000246069
0.000250707
0.000255427
0.000260229
0.000265116
0.000270088
0.000275146
0.000280293
0.00028553
0.000290857
0.000296277
0.000301791
0.0003074
0.000313106
0.00031891
0.000324814
0.00033082
0.000336929
0.000343143
0.000349463
0.000355891
0.000362429
0.000369078
0.000375841
0.000382718
0.000389712
0.000396825
0.000404058
0.000411413
0.000418892
0.000426497
0.00043423
0.000442093
0.000450087
0.000458216
0.00046648
0.000474882
0.000483424
0.000492108
0.000500937
0.000509912
0.000519035
0.00052831
0.000537737
0.00054732
0.000557061
0.000566962
0.000577025
0.000587253
0.000597648
0.000608214
0.000618951
0.000629863
0.000640953
0.000652223
0.000663675
0.000675312
0.000687138
0.000699154
0.000711364
0.00072377
0.000736375
0.000749183
0.000762195
0.000775415
0.000788846
0.000802491
0.000816352
0.000830434
0.000844739
0.000859271
0.000874032
0.000889025
0.000904255
0.000919725
0.000935437
0.000951395
0.000967603
0.000984064
0.001000782
0.001017761
0.001035003
0.001052513
0.001070294
0.00108835
0.001106685
0.001125303
0.001144207
0.001163402
0.001182891
0.001202678
0.001222769
0.001243166
0.001263873
0.001284896
0.001306238
0.001327904
0.001349898
0.001372224
0.001394887
0.001417892
0.001441242
0.001464943
0.001488999
0.001513415
0.001538195
0.001563345
0.00158887
0.001614773
0.001641061
0.001667738
0.00169481
0.001722281
0.001750157
0.001778443
0.001807144
0.001836266
0.001865813
0.001895793
0.001926209
0.001957068
0.001988376
0.002020137
0.002052359
0.002085046
0.002118205
0.002151841
0.002185961
0.002220571
0.002255677
0.002291284
0.0023274
0.002364031
0.002401182
0.002438862
0.002477075
0.002515829
0.00255513
0.002594986
0.002635402
0.002676386
0.002717945
0.002760085
0.002802815
0.00284614
0.002890068
0.002934607
0.002979763
0.003025545
0.003071959
0.003119014
0.003166716
0.003215074
0.003264096
0.003313789
0.00336416
0.003415219
0.003466974
0.003519432
0.003572601
0.00362649
0.003681108
0.003736463
0.003792562
0.003849416
0.003907033
0.00396542
0.004024589
0.004084546
0.004145301
0.004206864
0.004269243
0.004332448
0.004396488
0.004461373
0.004527111
0.004593713
0.004661188
0.004729546
0.004798797
0.00486895
0.004940016
0.005012004
0.005084926
0.00515879
0.005233608
0.00530939
0.005386146
0.005463887
0.005542623
0.005622366
0.005703126
0.005784914
0.005867742
0.005951619
0.006036558
0.00612257
0.006209665
0.006297857
0.006387155
0.006477572
0.006569119
0.006661809
0.006755653
0.006850663
0.006946851
0.007044229
0.007142811
0.007242607
0.007343631
0.007445895
0.007549411
0.007654193
0.007760254
0.007867605
0.00797626
0.008086233
0.008197536
0.008310183
0.008424186
0.008539561
0.008656319
0.008774475
0.008894043
0.009015035
0.009137468
0.009261353
0.009386706
0.00951354
0.00964187
0.00977171
0.009903076
0.01003598
0.010170439
0.010306466
0.010444077
0.010583287
0.01072411
0.010866562
0.011010658
0.011156414
0.011303844
0.011452965
0.011603792
0.01175634
0.011910625
0.012066664
0.012224473
0.012384066
0.012545461
0.012708674
0.012873721
0.013040619
0.013209384
0.013380032
0.013552581
0.013727047
0.013903448
0.014081799
0.014262118
0.014444423
0.014628731
0.014815058
0.015003423
0.015193843
0.015386335
0.015580917
0.015777607
0.015976423
0.016177383
0.016380505
0.016585807
0.016793306
0.017003023
0.017214974
0.017429178
0.017645654
0.017864421
0.018085496
0.0183089
0.01853465
0.018762766
0.018993267
0.019226172
0.0194615
0.01969927
0.019939502
0.020182215
0.020427429
0.020675163
0.020925436
0.02117827
0.021433682
0.021691694
0.021952325
0.022215594
0.022481524
0.022750132
0.02302144
0.023295468
0.023572236
0.023851764
0.024134074
0.024419185
0.024707119
0.024997895
0.025291535
0.02558806
0.025887489
0.026189845
0.026495148
0.026803419
0.027114679
0.02742895
0.027746252
0.028066607
0.028390036
0.02871656
0.029046201
0.02937898
0.029714919
0.030054039
0.030396362
0.030741909
0.031090702
0.031442763
0.031798113
0.032156775
0.032518769
0.032884119
0.033252845
0.033624969
0.034000515
0.034379502
0.034761955
0.035147894
0.035537341
0.035930319
0.03632685
0.036726956
0.037130658
0.03753798
0.037948944
0.03836357
0.038781883
0.039203903
0.039629654
0.040059157
0.040492434
0.040929509
0.041370403
0.041815138
0.042263736
0.042716221
0.043172613
0.043632937
0.044097212
0.044565463
0.04503771
0.045513977
0.045994286
0.046478658
0.046967116
0.047459682
0.047956378
0.048457226
0.048962249
0.049471468
0.049984906
0.050502583
0.051024524
0.051550748
0.052081279
0.052616138
0.053155347
0.053698928
0.054246902
0.054799292
0.055356118
0.055917403
0.056483167
0.057053433
0.057628222
0.058207556
0.058791455
0.059379941
0.059973035
0.060570758
0.061173132
0.061780177
0.062391914
0.063008364
0.063629549
0.064255488
0.064886202
0.065521712
0.066162038
0.066807201
0.067457221
0.068112118
0.068771912
0.069436623
0.070106272
0.070780877
0.071460459
0.072145037
0.072834631
0.07352926
0.074228943
0.0749337
0.075643549
0.07635851
0.077078601
0.077803841
0.078534248
0.079269841
0.080010639
0.080756659
0.08150792
0.082264439
0.083026234
0.083793322
0.084565722
0.085343451
0.086126525
0.086914962
0.087708779
0.088507991
0.089312617
0.090122672
0.090938173
0.091759136
0.092585576
0.093417509
0.094254951
0.095097918
0.095946424
0.096800485
0.097660115
0.098525329
0.099396142
0.100272568
0.101154621
0.102042315
0.102935664
0.103834681
0.10473938
0.105649774
0.106565875
0.107487697
0.108415252
0.109348552
0.11028761
0.111232437
0.112183046
0.113139446
0.114101651
0.11506967
0.116043515
0.117023196
0.118008723
0.119000107
0.119997358
0.121000484
0.122009496
0.123024403
0.124045213
0.125071936
0.126104579
0.127143151
0.128187659
0.129238112
0.130294517
0.131356881
0.132425211
0.133499513
0.134579795
0.135666061
0.136758318
0.137856572
0.138960828
0.14007109
0.141187364
0.142309654
0.143437965
0.1445723
0.145712662
0.146859056
0.148011485
0.14916995
0.150334456
0.151505003
0.152681594
0.15386423
0.155052914
0.156247645
0.157448425
0.158655254
0.159868132
0.16108706
0.162312035
0.163543059
0.16478013
0.166023246
0.167272406
0.168527607
0.169788848
0.171056126
0.172329438
0.17360878
0.17489415
0.176185542
0.177482954
0.17878638
0.180095815
0.181411255
0.182732694
0.184060125
0.185393544
0.186732943
0.188078316
0.189429655
0.190786953
0.192150202
0.193519394
0.194894521
0.196275574
0.197662543
0.19905542
0.200454193
0.201858854
0.203269392
0.204685795
0.206108054
0.207536155
0.208970088
0.21040984
0.211855399
0.213306751
0.214763884
0.216226784
0.217695438
0.21916983
0.220649946
0.222135772
0.223627292
0.225124491
0.226627352
0.22813586
0.229649997
0.231169747
0.232695092
0.234226015
0.235762498
0.237304522
0.238852068
0.240405118
0.241963652
0.243527651
0.245097094
0.24667196
0.24825223
0.249837882
0.251428895
0.253025247
0.254626915
0.256233877
0.257846111
0.259463593
0.2610863
0.262714207
0.264347292
0.265985529
0.267628893
0.26927736
0.270930904
0.272589498
0.274253118
0.275921735
0.277595325
0.279273858
0.280957309
0.282645648
0.284338849
0.286036882
0.287739719
0.28944733
0.291159687
0.292876759
0.294598516
0.296324929
0.298055965
0.299791595
0.301531788
0.30327651
0.305025731
0.306779418
0.308537539
0.31030006
0.312066949
0.313838173
0.315613697
0.317393487
0.319177509
0.320965728
0.32275811
0.324554619
0.32635522
0.328159877
0.329968554
0.331781214
0.333597821
0.335418337
0.337242727
0.339070952
0.340902974
0.342738755
0.344578258
0.346421444
0.348268273
0.350118708
0.351972708
0.353830233
0.355691245
0.357555703
0.359423567
0.361294796
0.363169349
0.365047185
0.366928264
0.368812543
0.370699981
0.372590536
0.374484165
0.376380827
0.378280478
0.380183076
0.382088578
0.38399694
0.385908119
0.387822071
0.389738752
0.391658119
0.393580127
0.395504731
0.397431887
0.39936155
0.401293674
0.403228216
0.405165128
0.407104367
0.409045885
0.410989637
0.412935577
0.414883659
0.416833837
0.418786063
0.420740291
0.422696474
0.424654565
0.426614518
0.428576284
0.430539817
0.432505068
0.434471991
0.436440537
0.438410659
0.440382308
0.442355436
0.444329995
0.446305937
0.448283213
0.450261775
0.452241574
0.454222561
0.456204687
0.458187904
0.460172163
0.462157413
0.464143607
0.466130695
0.468118628
0.470107356
0.47209683
0.474087
0.476077817
0.478069232
0.480061194
0.482053654
0.484046563
0.48603987
0.488033527
0.490027482
0.492021686
0.49401609
0.496010644
0.498005297
0.5
0.501994703
0.503989356
0.50598391
0.507978314
0.509972518
0.511966473
0.51396013
0.515953437
0.517946346
0.519938806
0.521930768
0.523922183
0.525913
0.52790317
0.529892644
0.531881372
0.533869305
0.535856393
0.537842587
0.539827837
0.541812096
0.543795313
0.545777439
0.547758426
0.549738225
0.551716787
0.553694063
0.555670005
0.557644564
0.559617692
0.561589341
0.563559463
0.565528009
0.567494932
0.569460183
0.571423716
0.573385482
0.575345435
0.577303526
0.579259709
0.581213937
0.583166163
0.585116341
0.587064423
0.589010363
0.590954115
0.592895633
0.594834872
0.596771784
0.598706326
0.60063845
0.602568113
0.604495269
0.606419873
0.608341881
0.610261248
0.612177929
0.614091881
0.61600306
0.617911422
0.619816924
0.621719522
0.623619173
0.625515835
0.627409464
0.629300019
0.631187457
0.633071736
0.634952815
0.636830651
0.638705204
0.640576433
0.642444297
0.644308755
0.646169767
0.648027292
0.649881292
0.651731727
0.653578556
0.655421742
0.657261245
0.659097026
0.660929048
0.662757273
0.664581663
0.666402179
0.668218786
0.670031446
0.671840123
0.67364478
0.675445381
0.67724189
0.679034272
0.680822491
0.682606513
0.684386303
0.686161827
0.687933051
0.68969994
0.691462461
0.693220582
0.694974269
0.69672349
0.698468212
0.700208405
0.701944035
0.703675071
0.705401484
0.707123241
0.708840313
0.71055267
0.712260281
0.713963118
0.715661151
0.717354352
0.719042691
0.720726142
0.722404675
0.724078265
0.725746882
0.727410502
0.729069096
0.73072264
0.732371107
0.734014471
0.735652708
0.737285793
0.7389137
0.740536407
0.742153889
0.743766123
0.745373085
0.746974753
0.748571105
0.750162118
0.75174777
0.75332804
0.754902906
0.756472349
0.758036348
0.759594882
0.761147932
0.762695478
0.764237502
0.765773985
0.767304908
0.768830253
0.770350003
0.77186414
0.773372648
0.774875509
0.776372708
0.777864228
0.779350054
0.78083017
0.782304562
0.783773216
0.785236116
0.786693249
0.788144601
0.78959016
0.791029912
0.792463845
0.793891946
0.795314205
0.796730608
0.798141146
0.799545807
0.80094458
0.802337457
0.803724426
0.805105479
0.806480606
0.807849798
0.809213047
0.810570345
0.811921684
0.813267057
0.814606456
0.815939875
0.817267306
0.818588745
0.819904185
0.82121362
0.822517046
0.823814458
0.82510585
0.82639122
0.827670562
0.828943874
0.830211152
0.831472393
0.832727594
0.833976754
0.83521987
0.836456941
0.837687965
0.83891294
0.840131868
0.841344746
0.842551575
0.843752355
0.844947086
0.84613577
0.847318406
0.848494997
0.849665544
0.85083005
0.851988515
0.853140944
0.854287338
0.8554277
0.856562035
0.857690346
0.858812636
0.85992891
0.861039172
0.862143428
0.863241682
0.864333939
0.865420205
0.866500487
0.867574789
0.868643119
0.869705483
0.870761888
0.871812341
0.872856849
0.873895421
0.874928064
0.875954787
0.876975597
0.877990504
0.878999516
0.880002642
0.880999893
0.881991277
0.882976804
0.883956485
0.88493033
0.885898349
0.886860554
0.887816954
0.888767563
0.88971239
0.890651448
0.891584748
0.892512303
0.893434125
0.894350226
0.89526062
0.896165319
0.897064336
0.897957685
0.898845379
0.899727432
0.900603858
0.901474671
0.902339885
0.903199515
0.904053576
0.904902082
0.905745049
0.906582491
0.907414424
0.908240864
0.909061827
0.909877328
0.910687383
0.911492009
0.912291221
0.913085038
0.913873475
0.914656549
0.915434278
0.916206678
0.916973766
0.917735561
0.91849208
0.919243341
0.919989361
0.920730159
0.921465752
0.922196159
0.922921399
0.92364149
0.924356451
0.9250663
0.925771057
0.92647074
0.927165369
0.927854963
0.928539541
0.929219123
0.929893728
0.930563377
0.931228088
0.931887882
0.932542779
0.933192799
0.933837962
0.934478288
0.935113798
0.935744512
0.936370451
0.936991636
0.937608086
0.938219823
0.938826868
0.939429242
0.940026965
0.940620059
0.941208545
0.941792444
0.942371778
0.942946567
0.943516833
0.944082597
0.944643882
0.945200708
0.945753098
0.946301072
0.946844653
0.947383862
0.947918721
0.948449252
0.948975476
0.949497417
0.950015094
0.950528532
0.951037751
0.951542774
0.952043622
0.952540318
0.953032884
0.953521342
0.954005714
0.954486023
0.95496229
0.955434537
0.955902788
0.956367063
0.956827387
0.957283779
0.957736264
0.958184862
0.958629597
0.959070491
0.959507566
0.959940843
0.960370346
0.960796097
0.961218117
0.96163643
0.962051056
0.96246202
0.962869342
0.963273044
0.96367315
0.964069681
0.964462659
0.964852106
0.965238045
0.965620498
0.965999485
0.966375031
0.966747155
0.967115881
0.967481231
0.967843225
0.968201887
0.968557237
0.968909298
0.969258091
0.969603638
0.969945961
0.970285081
0.97062102
0.970953799
0.97128344
0.971609964
0.971933393
0.972253748
0.97257105
0.972885321
0.973196581
0.973504852
0.973810155
0.974112511
0.97441194
0.974708465
0.975002105
0.975292881
0.975580815
0.975865926
0.976148236
0.976427764
0.976704532
0.97697856
0.977249868
0.977518476
0.977784406
0.978047675
0.978308306
0.978566318
0.97882173
0.979074564
0.979324837
0.979572571
0.979817785
0.980060498
0.98030073
0.9805385
0.980773828
0.981006733
0.981237234
0.98146535
0.9816911
0.981914504
0.982135579
0.982354346
0.982570822
0.982785026
0.982996977
0.983206694
0.983414193
0.983619495
0.983822617
0.984023577
0.984222393
0.984419083
0.984613665
0.984806157
0.984996577
0.985184942
0.985371269
0.985555577
0.985737882
0.985918201
0.986096552
0.986272953
0.986447419
0.986619968
0.986790616
0.986959381
0.987126279
0.987291326
0.987454539
0.987615934
0.987775527
0.987933336
0.988089375
0.98824366
0.988396208
0.988547035
0.988696156
0.988843586
0.988989342
0.989133438
0.98927589
0.989416713
0.989555923
0.989693534
0.989829561
0.98996402
0.990096924
0.99022829
0.99035813
0.99048646
0.990613294
0.990738647
0.990862532
0.990984965
0.991105957
0.991225525
0.991343681
0.991460439
0.991575814
0.991689817
0.991802464
0.991913767
0.99202374
0.992132395
0.992239746
0.992345807
0.992450589
0.992554105
0.992656369
0.992757393
0.992857189
0.992955771
0.993053149
0.993149337
0.993244347
0.993338191
0.993430881
0.993522428
0.993612845
0.993702143
0.993790335
0.99387743
0.993963442
0.994048381
0.994132258
0.994215086
0.994296874
0.994377634
0.994457377
0.994536113
0.994613854
0.99469061
0.994766392
0.99484121
0.994915074
0.994987996
0.995059984
0.99513105
0.995201203
0.995270454
0.995338812
0.995406287
0.995472889
0.995538627
0.995603512
0.995667552
0.995730757
0.995793136
0.995854699
0.995915454
0.995975411
0.99603458
0.996092967
0.996150584
0.996207438
0.996263537
0.996318892
0.99637351
0.996427399
0.996480568
0.996533026
0.996584781
0.99663584
0.996686211
0.996735904
0.996784926
0.996833284
0.996880986
0.996928041
0.996974455
0.997020237
0.997065393
0.997109932
0.99715386
0.997197185
0.997239915
0.997282055
0.997323614
0.997364598
0.997405014
0.99744487
0.997484171
0.997522925
0.997561138
0.997598818
0.997635969
0.9976726
0.997708716
0.997744323
0.997779429
0.997814039
0.997848159
0.997881795
0.997914954
0.997947641
0.997979863
0.998011624
0.998042932
0.998073791
0.998104207
0.998134187
0.998163734
0.998192856
0.998221557
0.998249843
0.998277719
0.99830519
0.998332262
0.998358939
0.998385227
0.99841113
0.998436655
0.998461805
0.998486585
0.998511001
0.998535057
0.998558758
0.998582108
0.998605113
0.998627776
0.998650102
0.998672096
0.998693762
0.998715104
0.998736127
0.998756834
0.998777231
0.998797322
0.998817109
0.998836598
0.998855793
0.998874697
0.998893315
0.99891165
0.998929706
0.998947487
0.998964997
0.998982239
0.998999218
0.999015936
0.999032397
0.999048605
0.999064563
0.999080275
0.999095745
0.999110975
0.999125968
0.999140729
0.999155261
0.999169566
0.999183648
0.999197509
0.999211154
0.999224585
0.999237805
0.999250817
0.999263625
0.99927623
0.999288636
0.999300846
0.999312862
0.999324688
0.999336325
0.999347777
0.999359047
0.999370137
0.999381049
0.999391786
0.999402352
0.999412747
0.999422975
0.999433038
0.999442939
0.99945268
0.999462263
0.99947169
0.999480965
0.999490088
0.999499063
0.999507892
0.999516576
0.999525118
0.99953352
0.999541784
0.999549913
0.999557907
0.99956577
0.999573503
0.999581108
0.999588587
0.999595942
0.999603175
0.999610288
0.999617282
0.999624159
0.999630922
0.999637571
0.999644109
0.999650537
0.999656857
0.999663071
0.99966918
0.999675186
0.99968109
0.999686894
0.9996926
0.999698209
0.999703723
0.999709143
0.99971447
0.999719707
0.999724854
0.999729912
0.999734884
0.999739771
0.999744573
0.999749293
0.999753931
0.99975849
0.999762969
0.999767371
0.999771696
0.999775947
0.999780123
0.999784227
0.999788259
0.99979222
0.999796112
0.999799936
0.999803693
0.999807384
0.99981101
0.999814573
0.999818072
0.999821509
0.999824886
0.999828203
0.999831461
0.999834661
0.999837804
0.999840891
0.999843924
0.999846901
0.999849826
0.999852698
0.999855519
0.999858289
0.99986101
0.999863681
0.999866304
0.99986888
0.999871409
0.999873892
0.999876331
0.999878725
0.999881075
0.999883383
0.999885649
0.999887873
0.999890057
0.9998922
0.999894305
0.99989637
0.999898398
0.999900389
0.999902342
0.99990426
0.999906142
0.99990799
0.999909803
0.999911583
0.999913329
0.999915043
0.999916725
0.999918376
0.999919996
0.999921586
0.999923146
0.999924676
0.999926178
0.999927652
0.999929098
0.999930517
0.999931909
0.999933274
0.999934614
0.999935928
0.999937218
0.999938483
0.999939724
0.999940941
0.999942135
0.999943306
0.999944455
0.999945582
0.999946688
0.999947772
0.999948835
0.999949878
0.999950901
0.999951904
0.999952887
0.999953852
0.999954798
0.999955726
0.999956635
0.999957527
0.999958402
0.999959259
0.9999601
0.999960924
0.999961733
0.999962525
0.999963302
0.999964064
0.99996481
0.999965542
0.99996626
0.999966963
0.999967653
0.999968329